Initial Board:
6 2 1 9 7 8 3 6 7 2 
6 5 4 3 5 3 7 3 1 8 
1 7 1 5 3 5 7 3 3 6 
2 1 2 6 7 4 9 2 1 4 
3 8 3 5 4 5 2 7 9 3 
1 9 4 4 7 7 5 3 3 2 
9 9 1 5 7 5 2 1 9 6 
5 1 2 1 1 6 6 1 2 8 
2 8 * 3 9 6 2 7 6 9 
1 2 5 1 7 3 1 1 5 3 

Step 1:
6 2 1 9 7 8 3 6 7 2 
6 5 4 3 5 3 7 3 1 8 
1 7 1 5 3 5 7 3 3 6 
2 1 2 6 7 4 9 2 1 4 
3 8 3 5 4 5 2 7 9 3 
1 9 4 4 7 7 5 3 3 2 
9 9 * 5 7 5 2 1 9 6 
5 1   1 1 6 6 1 2 8 
2 8   3 9 6 2 7 6 9 
1 2 5 1 7 3 1 1 5 3 

Step 2:
6 2 1 9 7 8 3 6 7 2 
6 5 4 3 5 3 7 3 1 8 
1 7 * 5 3 5 7 3 3 6 
2 1   6 7 4 9 2 1 4 
3 8   5 4 5 2 7 9 3 
1 9   4 7 7 5 3 3 2 
9 9   5 7 5 2 1 9 6 
5 1   1 1 6 6 1 2 8 
2 8   3 9 6 2 7 6 9 
1 2 5 1 7 3 1 1 5 3 

Step 3:
6 2 1 9 7 8 3 6 7 2 
6 5 4 3 5 3 7 3 1 8 
1 7           * 3 6 
2 1   6 7 4 9 2 1 4 
3 8   5 4 5 2 7 9 3 
1 9   4 7 7 5 3 3 2 
9 9   5 7 5 2 1 9 6 
5 1   1 1 6 6 1 2 8 
2 8   3 9 6 2 7 6 9 
1 2 5 1 7 3 1 1 5 3 

