Initial Board:
9 8 5 9 6 4 8 5 8 3 
5 3 4 9 4 6 5 9 4 7 
9 1 6 5 2 3 3 5 9 5 
3 4 7 1 1 7 4 1 8 3 
9 2 1 7 3 8 9 2 3 7 
5 3 6 3 * 2 4 7 3 3 
2 5 6 3 5 9 4 6 7 3 
7 7 8 8 2 9 1 9 2 2 
4 5 1 5 9 7 7 2 8 2 
5 2 7 3 5 9 4 4 8 5 

Step 1:
9 8 5 9 6 4 8 5 8 3 
5 3 4 9 4 6 5 9 4 7 
9 1 6 5 * 3 3 5 9 5 
3 4 7 1   7 4 1 8 3 
9 2 1 7   8 9 2 3 7 
5 3 6 3   2 4 7 3 3 
2 5 6 3 5 9 4 6 7 3 
7 7 8 8 2 9 1 9 2 2 
4 5 1 5 9 7 7 2 8 2 
5 2 7 3 5 9 4 4 8 5 

Step 2:
9 8 5 9 6 4 8 5 8 3 
5 3 4 9 4 6 5 9 4 7 
9 1 6 5   3 3 5 9 5 
3 4 7 *   7 4 1 8 3 
9 2 1 7   8 9 2 3 7 
5 3 6 3   2 4 7 3 3 
2 5 6 3 5 9 4 6 7 3 
7 7 8 8 2 9 1 9 2 2 
4 5 1 5 9 7 7 2 8 2 
5 2 7 3 5 9 4 4 8 5 

Step 3:
9 8 5 9 6 4 8 5 8 3 
5 3 4 9 4 6 5 9 4 7 
9 1 6 5   3 3 5 9 5 
3 4 7     7 4 1 8 3 
9 2 * 7   8 9 2 3 7 
5 3 6 3   2 4 7 3 3 
2 5 6 3 5 9 4 6 7 3 
7 7 8 8 2 9 1 9 2 2 
4 5 1 5 9 7 7 2 8 2 
5 2 7 3 5 9 4 4 8 5 

Step 4:
9 8 5 9 6 4 8 5 8 3 
5 3 4 9 4 6 5 9 4 7 
9 1 6 5   3 3 5 9 5 
3 4 7     7 4 1 8 3 
9 2   7   8 9 2 3 7 
5 3 6     2 4 7 3 3 
2 5 6 3   9 4 6 7 3 
7 7 8 8 2 * 1 9 2 2 
4 5 1 5 9 7 7 2 8 2 
5 2 7 3 5 9 4 4 8 5 

Step 5:
9 8 5 9 6 4 8 5 8 3 
5 3 4 9 4 6 5 9 4 7 
9 1 6 5   3 3 5 9 5 
3 4 7     7 4 1 8 3 
9 2   7   8 9 2 3 7 
5 3 6     2 4 7 3 3 
2 5 6 3   9 4 6 7 3 
7 7 8 *     1 9 2 2 
4 5 1 5 9 7 7 2 8 2 
5 2 7 3 5 9 4 4 8 5 

Step 6:
9 8 5 9 6 4 8 5 8 3 
5 3 4 9 4 6 5 9 4 7 
9 1 6 5   3 3 5 9 5 
3 4 7     7 4 1 8 3 
9 2   7   8 9 2 3 7 
5 3 6     2 4 7 3 3 
2 5 6 3   9 4 6 7 3 
7 7 8       1 9 2 2 
4 5 * 5 9 7 7 2 8 2 
5 2 7 3 5 9 4 4 8 5 

Step 7:
9 8 5 9 6 4 8 5 8 3 
5 3 4 9 4 6 5 9 4 7 
9 1 6 5   3 3 5 9 5 
3 4 7     7 4 1 8 3 
9 2   7   8 9 2 3 7 
5 3 6     2 4 7 3 3 
2 5 6 3   9 4 6 7 3 
7 7 8       1 9 2 2 
4 5           * 8 2 
5 2 7 3 5 9 4 4 8 5 

Step 8:
9 8 5 9 6 4 8 5 8 3 
5 3 4 9 4 6 5 9 4 7 
9 1 6 5   3 3 5 9 5 
3 4 7     7 4 1 8 3 
9 2   7   8 9 2 3 7 
5 3 6     2 4 7 3 3 
2 5 6 3   9 4 6 7 * 
7 7 8       1 9   2 
4 5             8 2 
5 2 7 3 5 9 4 4 8 5 

Step 9:
9 8 5 9 6 4 8 5 8 3 
5 3 4 9 4 6 5 9 4 7 
9 1 6 5   3 3 5 9 5 
3 4 7     7 * 1 8 3 
9 2   7   8 9   3 7 
5 3 6     2 4 7   3 
2 5 6 3   9 4 6 7   
7 7 8       1 9   2 
4 5             8 2 
5 2 7 3 5 9 4 4 8 5 

Step 10:
9 8 5 9 6 4 * 5 8 3 
5 3 4 9 4 6   9 4 7 
9 1 6 5   3   5 9 5 
3 4 7     7   1 8 3 
9 2   7   8 9   3 7 
5 3 6     2 4 7   3 
2 5 6 3   9 4 6 7   
7 7 8       1 9   2 
4 5             8 2 
5 2 7 3 5 9 4 4 8 5 

Step 11:
9 8 *         5 8 3 
5 3 4 9 4 6   9 4 7 
9 1 6 5   3   5 9 5 
3 4 7     7   1 8 3 
9 2   7   8 9   3 7 
5 3 6     2 4 7   3 
2 5 6 3   9 4 6 7   
7 7 8       1 9   2 
4 5             8 2 
5 2 7 3 5 9 4 4 8 5 

