Initial Board:
7 7 7 2 9 7 3 7 4 4 
3 7 5 8 3 2 9 7 4 9 
3 4 6 1 3 3 3 5 4 1 
4 4 2 6 7 2 1 4 5 7 
9 3 4 2 4 2 6 6 5 8 
6 8 * 6 8 5 2 8 9 6 
4 9 7 9 9 6 5 3 8 5 
2 7 7 8 4 2 9 1 1 2 
4 7 4 1 7 3 9 3 9 7 
9 3 4 5 1 1 5 2 5 3 

Step 1:
7 7 7 2 9 7 3 7 4 4 
3 7 * 8 3 2 9 7 4 9 
3 4   1 3 3 3 5 4 1 
4 4   6 7 2 1 4 5 7 
9 3   2 4 2 6 6 5 8 
6 8   6 8 5 2 8 9 6 
4 9 7 9 9 6 5 3 8 5 
2 7 7 8 4 2 9 1 1 2 
4 7 4 1 7 3 9 3 9 7 
9 3 4 5 1 1 5 2 5 3 

Step 2:
7 7 7 2 9 7 3 7 4 4 
3 7   8 3 2 9 7 4 9 
3 4   * 3 3 3 5 4 1 
4 4   6 7 2 1 4 5 7 
9 3   2 4 2 6 6 5 8 
6 8   6 8 5 2 8 9 6 
4 9 7 9 9 6 5 3 8 5 
2 7 7 8 4 2 9 1 1 2 
4 7 4 1 7 3 9 3 9 7 
9 3 4 5 1 1 5 2 5 3 

Step 3:
7 7 7 2 9 7 3 7 4 4 
3 7   8 3 2 9 7 4 9 
3 4     3 3 3 5 4 1 
4 4     7 2 1 4 5 7 
9 3     4 2 6 6 5 8 
6 8     8 5 2 8 9 6 
4 9 7   9 6 5 3 8 5 
2 7 7   4 2 9 1 1 2 
4 7 4 * 7 3 9 3 9 7 
9 3 4 5 1 1 5 2 5 3 

Step 4:
7 7 7 2 9 7 3 7 4 4 
3 7   8 3 2 9 7 4 9 
3 4     3 3 3 5 4 1 
4 4     7 2 1 4 5 7 
9 3     4 2 6 * 5 8 
6 8     8 5   8 9 6 
4 9 7   9   5 3 8 5 
2 7 7     2 9 1 1 2 
4 7 4   7 3 9 3 9 7 
9 3 4 5 1 1 5 2 5 3 

Step 5:
7 7 7 2 9 7 3 * 4 4 
3 7   8 3 2 9   4 9 
3 4     3 3 3   4 1 
4 4     7 2 1   5 7 
9 3     4 2 6   5 8 
6 8     8 5   8 9 6 
4 9 7   9   5 3 8 5 
2 7 7     2 9 1 1 2 
4 7 4   7 3 9 3 9 7 
9 3 4 5 1 1 5 2 5 3 

Step 6:
7 7 7 2 *       4 4 
3 7   8 3 2 9   4 9 
3 4     3 3 3   4 1 
4 4     7 2 1   5 7 
9 3     4 2 6   5 8 
6 8     8 5   8 9 6 
4 9 7   9   5 3 8 5 
2 7 7     2 9 1 1 2 
4 7 4   7 3 9 3 9 7 
9 3 4 5 1 1 5 2 5 3 

Step 7:
7 7 7 2         4 4 
3 7   8   2 9   4 9 
3 4       3 3   4 1 
4 4     * 2 1   5 7 
9 3     4 2 6   5 8 
6 8     8 5   8 9 6 
4 9 7   9   5 3 8 5 
2 7 7     2 9 1 1 2 
4 7 4   7 3 9 3 9 7 
9 3 4 5 1 1 5 2 5 3 

Step 8:
7 7 7 2         4 4 
3 7   8   2 9   4 9 
3 4       3 3   4 1 
4 4         *   5 7 
9 3     4 2 6   5 8 
6 8     8 5   8 9 6 
4 9 7   9   5 3 8 5 
2 7 7     2 9 1 1 2 
4 7 4   7 3 9 3 9 7 
9 3 4 5 1 1 5 2 5 3 

Step 9:
7 7 7 2         4 4 
3 7   8   2 9   4 9 
3 4       3 3   4 1 
4 4             5 7 
9 3     4   6   5 8 
6 8     * 5   8 9 6 
4 9 7   9   5 3 8 5 
2 7 7     2 9 1 1 2 
4 7 4   7 3 9 3 9 7 
9 3 4 5 1 1 5 2 5 3 

