Initial Board:
2 8 2 4 1 3 1 7 3 2 
9 9 1 7 4 5 * 1 2 3 
9 5 8 8 7 2 8 4 3 2 
4 1 4 1 3 5 9 6 1 4 
8 3 1 5 6 3 8 4 3 4 
4 4 5 9 9 9 9 9 4 9 
6 2 1 9 1 7 1 2 6 5 
7 6 4 7 5 9 8 1 8 7 
6 7 3 3 6 7 8 7 4 6 
8 1 3 7 2 1 8 5 3 5 

Step 1:
2 8 2 4 1 3 * 7 3 2 
9 9 1 7 4 5   1 2 3 
9 5 8 8 7 2 8 4 3 2 
4 1 4 1 3 5 9 6 1 4 
8 3 1 5 6 3 8 4 3 4 
4 4 5 9 9 9 9 9 4 9 
6 2 1 9 1 7 1 2 6 5 
7 6 4 7 5 9 8 1 8 7 
6 7 3 3 6 7 8 7 4 6 
8 1 3 7 2 1 8 5 3 5 

Step 2:
2 8 2 *       7 3 2 
9 9 1 7 4 5   1 2 3 
9 5 8 8 7 2 8 4 3 2 
4 1 4 1 3 5 9 6 1 4 
8 3 1 5 6 3 8 4 3 4 
4 4 5 9 9 9 9 9 4 9 
6 2 1 9 1 7 1 2 6 5 
7 6 4 7 5 9 8 1 8 7 
6 7 3 3 6 7 8 7 4 6 
8 1 3 7 2 1 8 5 3 5 

Step 3:
2 8 2         7 3 2 
9 9 1   4 5   1 2 3 
9 5 8   7 2 8 4 3 2 
4 1 4   3 5 9 6 1 4 
8 3 1   6 3 8 4 3 4 
4 4 5   9 9 9 9 4 9 
6 2 1   1 7 1 2 6 5 
7 6 4 * 5 9 8 1 8 7 
6 7 3 3 6 7 8 7 4 6 
8 1 3 7 2 1 8 5 3 5 

